#!ascii label, from subject R3517, vox2ras=tkReg 
930
1367 -3.190055 -129.747131 -7.612251 0.000000
1691 -2.742471 -129.063568 -6.373331 0.000000
1692 -3.195159 -129.552826 -6.840938 0.000000
1701 -1.617080 -128.262268 -6.876912 0.000000
1702 -2.208160 -128.772675 -6.948336 0.000000
1703 -2.618399 -129.297073 -7.687553 0.000000
1715 -1.312195 -128.163330 -7.510854 0.000000
1716 -1.957525 -128.812439 -7.952327 0.000000
1729 -0.962467 -128.003357 -8.085518 0.000000
1730 -1.327240 -128.378601 -8.382771 0.000000
2029 -2.441861 -128.717972 -6.028721 0.000000
2039 -0.601679 -127.382217 -6.903375 0.000000
2040 -1.157865 -127.825508 -6.731700 0.000000
2041 -1.810035 -128.265503 -6.312068 0.000000
2054 -0.408772 -127.311546 -7.277681 0.000000
2055 -0.793594 -127.652657 -7.255158 0.000000
2067 -0.168406 -127.137245 -7.482527 0.000000
2068 -0.522138 -127.550987 -7.845944 0.000000
2069 -0.718043 -127.893806 -8.597499 0.000000
2414 -0.684266 -127.287666 -6.348879 0.000000
2415 -1.327631 -127.723862 -5.903912 0.000000
2416 -2.131346 -128.256409 -5.371607 0.000000
2430 1.181113 -125.553925 -6.562412 0.000000
2431 0.783121 -125.980209 -6.670845 0.000000
2432 0.003189 -126.803864 -6.893653 0.000000
2444 1.391074 -125.477180 -7.045150 0.000000
2445 0.799283 -126.171036 -7.419919 0.000000
2446 0.224649 -126.857910 -7.907096 0.000000
2447 -0.100801 -127.336121 -8.641726 0.000000
2461 1.666284 -125.315773 -7.479408 0.000000
2462 1.389624 -125.667847 -7.751987 0.000000
2463 0.970068 -126.204323 -8.236988 0.000000
2464 0.539145 -126.757256 -8.817427 0.000000
2803 -0.277968 -126.820580 -6.054921 0.000000
2804 -0.777743 -127.130829 -5.590662 0.000000
2805 -1.431687 -127.536835 -5.053498 0.000000
2806 -2.122618 -127.966759 -4.511207 0.000000
2814 1.895827 -124.716286 -6.254709 0.000000
2815 1.545494 -125.125298 -6.391097 0.000000
2816 0.990723 -125.608452 -6.125895 0.000000
2817 0.305534 -126.227989 -5.956628 0.000000
2826 2.028433 -124.684227 -6.614210 0.000000
2827 1.741694 -125.052689 -6.824659 0.000000
2840 2.266653 -124.518967 -6.921250 0.000000
2841 1.989922 -124.903290 -7.231302 0.000000
2842 1.877549 -125.193993 -7.876617 0.000000
2843 1.602587 -125.611526 -8.439548 0.000000
2844 1.226035 -126.126160 -9.075587 0.000000
3254 -0.264637 -126.616592 -5.468468 0.000000
3255 -0.707634 -126.755730 -4.698648 0.000000
3256 -1.539829 -127.343849 -4.229013 0.000000
3257 -2.125811 -127.722450 -3.821690 0.000000
3267 1.767630 -124.751961 -5.953476 0.000000
3268 1.343164 -125.113045 -5.714477 0.000000
3269 0.760074 -125.610031 -5.434169 0.000000
3270 0.109134 -126.108887 -5.026934 0.000000
3271 -0.185841 -126.184273 -4.442706 0.000000
3279 2.467108 -124.035645 -6.049242 0.000000
3280 2.231809 -124.283669 -6.041808 0.000000
3288 2.549454 -123.985023 -6.179399 0.000000
3289 2.509760 -124.156570 -6.604720 0.000000
3290 2.527991 -124.314339 -7.218802 0.000000
3291 2.393373 -124.629059 -7.840226 0.000000
3292 2.195084 -125.003998 -8.498911 0.000000
3293 1.920830 -125.439285 -9.182162 0.000000
3696 1.812030 -120.883484 1.895424 0.000000
3697 1.389988 -121.244354 1.971438 0.000000
3710 1.846255 -121.133324 1.427486 0.000000
3711 1.259528 -121.768959 1.318668 0.000000
3724 1.895356 -121.574310 0.596156 0.000000
3725 1.200443 -122.307877 0.513154 0.000000
3743 1.671786 -122.137749 -0.001227 0.000000
3744 1.368094 -122.466873 -0.048235 0.000000
3760 -0.489403 -126.281151 -3.974032 0.000000
3761 -1.110048 -126.781479 -3.788970 0.000000
3762 -1.750014 -127.251907 -3.489928 0.000000
3774 1.806324 -124.494255 -5.342201 0.000000
3775 1.165215 -125.049538 -5.015478 0.000000
3776 0.617741 -125.510582 -4.743883 0.000000
3777 0.204306 -125.805374 -4.426314 0.000000
3778 -0.068126 -125.932098 -4.080547 0.000000
3786 2.612800 -123.827759 -5.915093 0.000000
3787 2.425101 -123.861267 -5.426844 0.000000
3797 2.912559 -123.603241 -6.266788 0.000000
3798 3.031570 -123.676109 -6.960429 0.000000
3799 2.957694 -123.972534 -7.729212 0.000000
3800 2.786197 -124.350792 -8.462414 0.000000
3801 2.558536 -124.763351 -9.172744 0.000000
4198 2.122969 -120.012871 2.800176 0.000000
4212 2.832061 -120.322479 1.148146 0.000000
4213 2.310345 -120.439125 1.818944 0.000000
4214 1.688175 -120.707977 2.368501 0.000000
4222 2.907718 -120.607193 0.529924 0.000000
4223 2.387978 -120.870567 0.972768 0.000000
4235 3.429849 -120.542801 -0.320888 0.000000
4236 2.958911 -120.894791 -0.077800 0.000000
4237 2.507715 -121.123619 0.327590 0.000000
4238 1.073771 -122.735092 -0.010574 0.000000
4239 0.687475 -123.265129 -0.276619 0.000000
4240 0.090890 -124.053619 -0.629388 0.000000
4256 3.601310 -120.536430 -0.654517 0.000000
4257 3.165804 -121.029243 -0.732900 0.000000
4258 2.363767 -121.647797 -0.371302 0.000000
4259 1.509143 -122.669922 -0.683067 0.000000
4260 0.810327 -123.545639 -1.009369 0.000000
4261 0.447015 -124.013321 -1.199714 0.000000
4269 2.828501 -121.565750 -1.110723 0.000000
4270 2.335207 -122.141731 -1.266387 0.000000
4271 1.885288 -122.742790 -1.549864 0.000000
4276 0.934814 -124.812370 -3.822679 0.000000
4277 0.539563 -125.175835 -3.740001 0.000000
4278 -0.109121 -125.732101 -3.546249 0.000000
4279 -0.775934 -126.254868 -3.282146 0.000000
4280 -1.408510 -126.753349 -3.054711 0.000000
4291 4.166484 -121.727829 -4.825591 0.000000
4292 3.495686 -122.429253 -4.724657 0.000000
4293 2.809649 -123.137009 -4.608869 0.000000
4294 2.179179 -123.844849 -4.675337 0.000000
4295 1.503481 -124.511826 -4.536747 0.000000
4296 0.931812 -125.016647 -4.298945 0.000000
4297 0.506878 -125.432388 -4.245581 0.000000
4298 0.218739 -125.622063 -4.009007 0.000000
4307 4.329021 -121.709007 -5.295459 0.000000
4308 3.967975 -122.196655 -5.570827 0.000000
4309 3.070776 -123.173218 -5.502154 0.000000
4310 2.626064 -123.510345 -5.057690 0.000000
4322 4.057374 -122.248672 -6.053452 0.000000
4323 3.682099 -122.777077 -6.415455 0.000000
4324 3.579663 -123.203568 -7.500769 0.000000
4325 3.407243 -123.627228 -8.365160 0.000000
4326 3.180889 -124.069878 -9.143373 0.000000
4725 3.077678 -118.953087 2.995477 0.000000
4726 2.533135 -119.323799 3.254796 0.000000
4737 3.780292 -118.676430 2.317693 0.000000
4738 3.442749 -118.923645 2.462356 0.000000
4739 2.827168 -119.465454 2.576144 0.000000
4746 3.813087 -118.894234 1.882253 0.000000
4747 3.150508 -119.658203 1.722449 0.000000
4748 2.607425 -119.897644 2.228143 0.000000
4755 3.948003 -119.273125 0.970048 0.000000
4756 3.377998 -120.018433 0.705530 0.000000
4774 4.477888 -119.894058 -1.237134 0.000000
4775 4.047376 -119.840416 -0.243088 0.000000
4776 3.349599 -120.385536 0.116423 0.000000
4777 -0.366895 -124.683907 -0.946612 0.000000
4795 4.454483 -120.304962 -2.036500 0.000000
4796 3.742751 -120.710251 -1.310477 0.000000
4797 3.202001 -121.261948 -1.266768 0.000000
4798 1.346199 -123.306953 -1.586935 0.000000
4799 0.751857 -123.948097 -1.663917 0.000000
4800 0.113296 -124.493774 -1.485496 0.000000
4801 -0.550156 -125.132217 -1.448752 0.000000
4813 4.486700 -120.595314 -2.755673 0.000000
4814 3.900500 -121.050720 -2.391563 0.000000
4815 3.051589 -121.714966 -1.902614 0.000000
4816 2.346592 -122.474739 -1.963017 0.000000
4817 1.866529 -123.097458 -2.233959 0.000000
4818 1.225824 -123.815750 -2.362702 0.000000
4819 0.538630 -124.493645 -2.323485 0.000000
4820 -0.151044 -125.108368 -2.169853 0.000000
4821 -0.818276 -125.690201 -2.018466 0.000000
4827 5.098477 -120.294670 -3.622190 0.000000
4828 4.869633 -120.447388 -3.390715 0.000000
4829 4.191324 -121.127464 -3.288404 0.000000
4830 3.446218 -121.814285 -3.044276 0.000000
4831 2.571231 -122.648262 -2.844905 0.000000
4832 1.795203 -123.567032 -3.076674 0.000000
4833 1.027221 -124.456421 -3.273037 0.000000
4834 0.236713 -125.116203 -2.970452 0.000000
4835 -0.450351 -125.696220 -2.760122 0.000000
4836 -1.103587 -126.238846 -2.567334 0.000000
4847 5.069540 -120.420456 -3.894547 0.000000
4848 4.578101 -121.040611 -4.156475 0.000000
4849 3.833861 -121.782974 -3.982156 0.000000
4850 3.092246 -122.525169 -3.841753 0.000000
4851 2.361531 -123.301872 -3.828043 0.000000
4852 1.686724 -124.049393 -3.896889 0.000000
4853 1.221920 -124.576088 -3.968876 0.000000
4863 5.119465 -120.563820 -4.492407 0.000000
4864 4.769842 -121.182365 -5.213629 0.000000
4865 4.397391 -121.715370 -5.563122 0.000000
4880 5.016395 -121.090218 -5.831555 0.000000
4881 4.511859 -121.761154 -6.163888 0.000000
4882 4.295099 -122.319801 -7.272321 0.000000
4883 4.083774 -122.817589 -8.233806 0.000000
4884 3.836522 -123.311493 -9.094513 0.000000
5252 3.255056 -117.754684 4.522038 0.000000
5266 3.523734 -117.766693 4.100316 0.000000
5267 2.966395 -118.299004 4.146365 0.000000
5276 4.177552 -117.978989 2.764193 0.000000
5277 3.657480 -118.245842 3.173151 0.000000
5278 2.902755 -118.787376 3.514462 0.000000
5288 4.088414 -118.326225 2.355981 0.000000
5289 3.749045 -118.546463 2.576183 0.000000
5291 4.429196 -118.484825 1.473883 0.000000
5293 5.471426 -118.350128 -0.266634 0.000000
5294 4.835230 -118.718971 0.290599 0.000000
5306 5.022198 -119.064148 -0.737803 0.000000
5307 4.640087 -119.211327 -0.232058 0.000000
5315 5.393572 -119.501816 -2.471605 0.000000
5316 5.100152 -119.528107 -1.849673 0.000000
5325 5.438701 -119.670364 -2.989368 0.000000
5326 4.991171 -120.017685 -2.665186 0.000000
5334 5.346270 -120.000381 -3.578486 0.000000
5335 5.164908 -120.039368 -3.156769 0.000000
5346 5.387368 -120.145210 -4.121332 0.000000
5358 5.574135 -120.081863 -4.575162 0.000000
5359 5.326071 -120.488777 -4.988408 0.000000
5372 5.705979 -120.083519 -5.065599 0.000000
5373 5.459546 -120.516777 -5.590683 0.000000
5374 5.319282 -120.893478 -6.348525 0.000000
5375 5.073424 -121.400543 -7.174709 0.000000
5376 4.822080 -121.935822 -8.118751 0.000000
5377 4.544728 -122.475037 -9.023461 0.000000
5787 3.686213 -117.106163 4.820031 0.000000
5804 4.035576 -117.408333 3.846303 0.000000
5819 4.379648 -117.900696 2.553647 0.000000
5820 4.559475 -117.429810 2.981471 0.000000
5828 4.667209 -117.853973 2.121597 0.000000
5829 5.324450 -117.139801 2.143795 0.000000
5832 5.186238 -117.818810 1.236211 0.000000
5833 5.932155 -117.011711 1.263563 0.000000
5836 5.740180 -118.078224 -0.287512 0.000000
5837 5.895229 -117.677780 0.138891 0.000000
5838 6.333751 -116.906616 0.693891 0.000000
5850 5.834941 -118.198616 -0.730254 0.000000
5851 6.254901 -117.679092 -0.589026 0.000000
5860 5.600471 -119.144157 -2.172548 0.000000
5861 5.730878 -118.740662 -1.622019 0.000000
5871 5.818298 -119.124130 -2.678971 0.000000
5872 5.936922 -118.805450 -2.238419 0.000000
5885 5.896563 -119.306984 -3.382338 0.000000
5895 5.820387 -119.635361 -4.063870 0.000000
5909 6.081187 -119.548805 -4.716325 0.000000
5923 6.087862 -119.764259 -5.452208 0.000000
5924 5.986985 -120.098228 -6.219547 0.000000
5925 5.857440 -120.482285 -7.090695 0.000000
5926 5.619755 -120.994377 -8.028945 0.000000
5927 5.299964 -121.580650 -8.951734 0.000000
6368 4.385140 -116.013519 5.372791 0.000000
6384 4.730000 -116.475739 4.165656 0.000000
6385 5.721626 -115.546326 4.037750 0.000000
6386 6.457348 -114.867126 3.932034 0.000000
6404 5.460856 -116.406235 3.101428 0.000000
6405 6.294796 -115.531746 3.119338 0.000000
6406 7.101024 -114.629395 3.236871 0.000000
6407 7.795949 -114.035645 3.018870 0.000000
6420 6.107721 -116.292000 2.177343 0.000000
6421 6.892022 -115.427429 2.243639 0.000000
6422 7.632334 -114.611183 2.303275 0.000000
6423 8.392445 -113.773758 2.350456 0.000000
6424 8.984653 -113.157402 2.315001 0.000000
6429 6.711128 -116.208115 1.211246 0.000000
6430 7.472569 -115.268402 1.430194 0.000000
6431 8.111702 -114.512268 1.552063 0.000000
6432 8.592220 -114.003815 1.525091 0.000000
6433 8.958039 -113.499100 1.721321 0.000000
6440 6.526651 -117.270699 -0.372696 0.000000
6441 6.773214 -116.710152 0.173253 0.000000
6442 7.426380 -115.809639 0.521263 0.000000
6443 8.030810 -115.018723 0.768710 0.000000
6444 8.524031 -114.380997 0.954613 0.000000
6445 8.957692 -113.845863 1.061717 0.000000
6459 6.324929 -117.828140 -1.042565 0.000000
6460 6.660166 -117.405342 -0.930311 0.000000
6461 7.019257 -116.863968 -0.645245 0.000000
6462 7.459426 -116.208191 -0.314469 0.000000
6463 8.080395 -115.421043 -0.120253 0.000000
6464 8.541419 -114.702156 0.297002 0.000000
6465 8.888158 -114.190758 0.545403 0.000000
6474 6.192902 -118.149704 -1.425116 0.000000
6475 6.651185 -117.694252 -1.529429 0.000000
6476 7.146574 -117.078857 -1.389670 0.000000
6477 7.516932 -116.491913 -1.020541 0.000000
6478 7.909820 -115.934814 -0.775655 0.000000
6487 6.120369 -118.725227 -2.522191 0.000000
6488 6.393470 -118.271568 -2.195176 0.000000
6489 7.157836 -117.414108 -2.182967 0.000000
6490 7.418198 -116.974915 -1.831010 0.000000
6505 6.313691 -118.681107 -2.974437 0.000000
6506 7.007781 -117.929840 -3.058738 0.000000
6507 7.338315 -117.435265 -2.723838 0.000000
6514 6.625981 -118.698059 -4.006265 0.000000
6515 7.157662 -118.007790 -3.730621 0.000000
6526 6.674837 -119.002693 -5.129565 0.000000
6539 6.619600 -119.315033 -5.981971 0.000000
6540 6.572479 -119.602127 -6.835075 0.000000
6541 6.559125 -119.889114 -7.914414 0.000000
6542 6.087999 -120.653694 -8.898146 0.000000
6553 7.056888 -119.429375 -8.390586 0.000000
6554 6.797683 -119.837555 -8.920208 0.000000
6985 4.890839 -115.111320 5.951262 0.000000
6986 5.554688 -114.648598 5.666996 0.000000
7000 5.237253 -115.398125 5.014864 0.000000
7001 6.127071 -114.581795 4.905837 0.000000
7002 7.022034 -114.029938 4.365528 0.000000
7003 7.693885 -113.407700 4.276854 0.000000
7018 7.577856 -113.878105 3.684319 0.000000
7019 8.252040 -113.270706 3.524270 0.000000
7020 8.873899 -112.707909 3.370362 0.000000
7033 8.779368 -113.084534 2.860766 0.000000
7034 9.374707 -112.505569 2.751997 0.000000
7035 9.803795 -112.198853 2.452673 0.000000
7042 9.400700 -112.921776 1.900547 0.000000
7043 9.781313 -112.420776 2.067159 0.000000
7050 9.402477 -113.287468 1.188229 0.000000
7051 9.885938 -112.660873 1.369903 0.000000
7052 10.192525 -112.459618 1.093152 0.000000
7065 8.661313 -114.877014 -0.320014 0.000000
7066 9.038089 -114.309784 -0.022976 0.000000
7067 9.361202 -113.707680 0.455125 0.000000
7068 9.835999 -113.087097 0.631890 0.000000
7069 10.105742 -112.673256 0.859144 0.000000
7081 7.570575 -116.686348 -1.567985 0.000000
7082 7.969894 -116.165543 -1.412008 0.000000
7083 8.501883 -115.375687 -0.994478 0.000000
7084 9.123119 -114.563026 -0.740893 0.000000
7085 9.629055 -113.807129 -0.353254 0.000000
7086 9.754331 -113.417030 0.153767 0.000000
7096 7.493454 -117.190689 -2.546927 0.000000
7097 7.782011 -116.708092 -2.170610 0.000000
7098 8.514304 -115.781456 -1.924571 0.000000
7099 9.223693 -114.869209 -1.646583 0.000000
7100 9.659165 -114.123024 -1.089038 0.000000
7101 9.889768 -113.737152 -0.821550 0.000000
7114 7.369221 -117.705910 -3.549617 0.000000
7115 7.680241 -117.190208 -3.100271 0.000000
7116 8.422602 -116.236404 -2.779598 0.000000
7117 9.160811 -115.315384 -2.531362 0.000000
7118 9.430308 -114.859505 -2.142044 0.000000
7122 7.047729 -118.446854 -4.690217 0.000000
7123 7.620541 -117.677193 -4.307015 0.000000
7124 8.382309 -116.606392 -3.657131 0.000000
7125 8.990677 -115.795815 -3.289187 0.000000
7126 9.335310 -115.345604 -3.109645 0.000000
7130 7.267708 -118.388481 -5.315163 0.000000
7131 7.867435 -117.773590 -5.516366 0.000000
7145 6.991068 -118.825027 -5.735297 0.000000
7146 7.400488 -118.574272 -6.507875 0.000000
7147 6.999662 -119.232239 -7.278751 0.000000
7158 7.815491 -118.304108 -7.287572 0.000000
7159 7.453416 -118.845619 -7.847819 0.000000
7160 7.399706 -119.124664 -8.869499 0.000000
7639 5.708937 -113.670563 6.896331 0.000000
7653 5.354914 -114.332756 6.424717 0.000000
7654 6.153064 -113.811874 6.045233 0.000000
7655 6.847120 -113.261024 5.858905 0.000000
7670 6.721941 -113.753540 5.283408 0.000000
7671 7.445995 -113.068779 5.236533 0.000000
7672 8.149080 -112.773010 4.568470 0.000000
7687 8.719576 -112.482361 4.067246 0.000000
7688 9.222736 -112.188438 3.653113 0.000000
7702 9.613111 -111.944656 3.335531 0.000000
7703 9.879071 -111.922607 2.827429 0.000000
7709 10.163671 -111.948486 2.170066 0.000000
7710 10.509782 -111.756790 1.787716 0.000000
7717 10.039017 -112.292831 1.765705 0.000000
7718 10.311663 -112.143013 1.458778 0.000000
7730 10.146564 -112.796463 0.516189 0.000000
7731 10.458117 -112.358521 0.685472 0.000000
7745 9.993704 -113.524666 -0.625435 0.000000
7746 10.177991 -113.062485 -0.110377 0.000000
7747 10.766289 -112.370728 -0.079683 0.000000
7757 9.558191 -114.648491 -1.985752 0.000000
7758 9.800947 -114.261078 -1.747869 0.000000
7759 10.257125 -113.486855 -1.205408 0.000000
7760 10.729286 -112.703125 -0.702518 0.000000
7761 11.000695 -112.290611 -0.493486 0.000000
7771 9.573006 -115.015671 -2.952758 0.000000
7772 9.756063 -114.590378 -2.399844 0.000000
7773 10.316811 -113.829811 -2.146867 0.000000
7774 10.503992 -113.455215 -1.774831 0.000000
7777 8.252120 -117.201065 -5.033726 0.000000
7778 8.538324 -116.704697 -4.473290 0.000000
7779 9.019691 -116.007553 -3.993814 0.000000
7780 9.594125 -115.240189 -3.665394 0.000000
7781 9.988750 -114.568695 -3.056413 0.000000
7782 10.172001 -114.195656 -2.627142 0.000000
7789 8.459237 -117.160019 -5.682385 0.000000
7790 8.770604 -116.661507 -5.194226 0.000000
7791 9.167951 -116.046783 -4.661375 0.000000
7792 9.419324 -115.626007 -4.221743 0.000000
7800 8.199186 -117.607208 -6.252902 0.000000
7813 8.197495 -117.798515 -7.013531 0.000000
7814 8.194847 -117.976662 -7.776106 0.000000
7815 8.168119 -118.193344 -8.741376 0.000000
8259 5.724791 -112.994308 7.867354 0.000000
8260 5.941167 -112.439804 8.373378 0.000000
8261 6.341365 -111.723961 8.850719 0.000000
8262 6.240518 -111.400078 9.462770 0.000000
8263 6.364841 -110.985062 9.879695 0.000000
8273 5.882173 -113.191391 7.358275 0.000000
8274 6.257167 -112.642075 7.632341 0.000000
8275 6.458451 -112.063843 8.190636 0.000000
8284 6.238636 -113.158577 6.899590 0.000000
8285 6.762558 -112.556290 7.037224 0.000000
8293 6.652261 -113.075691 6.428084 0.000000
8294 7.248976 -112.582466 6.291271 0.000000
8306 7.751519 -112.392982 5.835813 0.000000
8307 8.105806 -112.320000 5.391256 0.000000
8318 8.651727 -112.064003 4.904272 0.000000
8319 9.141296 -111.871544 4.381589 0.000000
8331 9.587840 -111.606262 4.016422 0.000000
8332 9.978421 -111.495094 3.434521 0.000000
8339 10.314290 -111.441895 2.826715 0.000000
8340 10.637130 -111.412239 2.180674 0.000000
8347 10.908974 -111.522835 1.342467 0.000000
8348 11.340937 -111.109673 1.178863 0.000000
8352 11.032631 -111.832573 0.405168 0.000000
8353 11.383267 -111.273125 0.727839 0.000000
8362 11.181151 -111.969055 -0.257348 0.000000
8363 11.475698 -111.494186 0.015023 0.000000
8376 10.607855 -113.266281 -1.622910 0.000000
8377 10.836585 -112.885796 -1.385785 0.000000
8378 11.311180 -112.114189 -0.929348 0.000000
8379 11.480151 -111.703476 -0.456402 0.000000
8392 10.582156 -113.615768 -2.389209 0.000000
8393 10.809069 -113.228134 -2.114127 0.000000
8394 11.271744 -112.504166 -1.725618 0.000000
8395 11.605352 -112.003349 -1.503991 0.000000
8405 9.895310 -115.004623 -4.007854 0.000000
8406 10.198702 -114.568558 -3.788341 0.000000
8407 10.600146 -113.778908 -2.900410 0.000000
8408 11.160601 -113.035866 -2.735658 0.000000
8416 8.644921 -117.003876 -5.866528 0.000000
8417 8.831955 -116.765907 -5.802686 0.000000
8418 9.365314 -116.060799 -5.521107 0.000000
8419 9.873877 -115.193871 -4.568353 0.000000
8420 10.529096 -114.373520 -4.430117 0.000000
8429 8.643483 -117.068855 -6.119397 0.000000
8430 9.101225 -116.610008 -6.437755 0.000000
8431 9.697720 -115.871094 -6.293682 0.000000
8444 8.618300 -117.234787 -6.679453 0.000000
8445 8.937890 -117.062889 -7.573579 0.000000
8446 8.570307 -117.622398 -8.183989 0.000000
8448 9.234396 -116.836418 -8.169841 0.000000
8449 8.962165 -117.235802 -8.638438 0.000000
8871 6.671384 -111.418068 8.824813 0.000000
8872 6.697387 -111.107346 9.232551 0.000000
8873 6.846094 -110.299362 10.167539 0.000000
8884 6.769979 -112.093231 7.703762 0.000000
8885 6.963645 -111.423691 8.396342 0.000000
8886 7.427858 -110.497536 9.058125 0.000000
8887 7.586252 -109.873955 9.712743 0.000000
8897 7.394077 -111.781052 7.260645 0.000000
8898 7.922589 -110.705429 8.049495 0.000000
8899 7.959432 -110.216110 8.695507 0.000000
8909 7.871233 -111.924179 6.360537 0.000000
8910 8.200175 -111.174965 6.968793 0.000000
8920 8.071083 -112.049835 5.877324 0.000000
8921 8.542729 -111.546394 5.902703 0.000000
8932 9.224542 -111.365288 5.099189 0.000000
8933 9.413207 -111.500847 4.543651 0.000000
8945 9.566414 -111.018356 5.098970 0.000000
8946 9.678493 -111.143364 4.672735 0.000000
8947 10.031790 -111.079498 4.092849 0.000000
8952 10.412891 -110.966270 3.510080 0.000000
8953 10.780596 -110.902832 2.840831 0.000000
8955 11.111965 -110.897049 2.119218 0.000000
8956 11.352087 -110.913651 1.543819 0.000000
8961 11.695798 -110.723145 1.106120 0.000000
8962 12.104871 -110.434135 0.688010 0.000000
8969 11.816187 -110.947243 0.324633 0.000000
8970 12.266975 -110.519455 0.069149 0.000000
8982 11.720126 -111.723495 -1.173130 0.000000
8983 11.936515 -111.231422 -0.649186 0.000000
8984 12.443059 -110.537254 -0.467208 0.000000
8997 11.345262 -112.653839 -2.327974 0.000000
8998 11.690778 -112.126122 -2.078700 0.000000
8999 12.008502 -111.539246 -1.599908 0.000000
9000 12.302842 -111.049934 -1.297547 0.000000
9011 10.864356 -113.793015 -3.881470 0.000000
9012 11.251701 -113.141113 -3.351575 0.000000
9013 11.766421 -112.360298 -2.975882 0.000000
9014 12.116216 -111.681808 -2.325033 0.000000
9015 12.264856 -111.370667 -1.988861 0.000000
9025 10.092727 -115.246071 -5.689653 0.000000
9026 10.555415 -114.542564 -5.123646 0.000000
9027 11.124125 -113.750092 -4.779811 0.000000
9028 11.444471 -113.123398 -4.028219 0.000000
9029 11.638900 -112.734169 -3.580080 0.000000
9040 9.600368 -116.173027 -7.075403 0.000000
9041 10.314478 -115.242996 -6.737534 0.000000
9042 10.726137 -114.537941 -5.883540 0.000000
9043 10.954453 -114.129456 -5.376581 0.000000
9053 9.517992 -116.418381 -7.752972 0.000000
9054 10.010765 -115.806511 -7.646802 0.000000
9056 9.345880 -116.672684 -7.992929 0.000000
9057 9.676735 -116.355698 -8.465358 0.000000
9514 7.994757 -109.853340 9.155204 0.000000
9515 8.122352 -109.278252 9.771373 0.000000
9528 8.407934 -110.260323 7.985037 0.000000
9529 8.479440 -109.807549 8.511917 0.000000
9530 8.375457 -109.442108 9.176258 0.000000
9542 8.522320 -110.480743 7.501150 0.000000
9543 8.693704 -110.048164 7.864298 0.000000
9552 8.928304 -110.602409 6.714697 0.000000
9553 8.960420 -110.089737 7.402992 0.000000
9564 9.256825 -110.841949 5.872817 0.000000
9565 9.599272 -110.606422 5.688632 0.000000
9574 9.502643 -110.900101 5.398024 0.000000
9575 9.834588 -110.645569 5.216151 0.000000
9576 10.048383 -110.757874 4.633246 0.000000
9578 10.214198 -110.411682 4.891311 0.000000
9579 10.446672 -110.491127 4.288248 0.000000
9580 10.885782 -110.375763 3.576347 0.000000
9587 21.916784 -97.942589 -7.793738 0.000000
9588 21.768030 -98.201340 -7.594449 0.000000
9589 11.282112 -110.315895 2.832214 0.000000
9590 11.670782 -110.307709 1.978484 0.000000
9601 21.617886 -98.513412 -7.671996 0.000000
9602 12.156669 -110.064674 1.313192 0.000000
9603 12.554510 -109.907249 0.638023 0.000000
9613 12.710464 -110.051292 -0.107229 0.000000
9619 12.493935 -110.674652 -0.957143 0.000000
9620 12.780827 -110.205551 -0.681676 0.000000
9627 12.397854 -111.113853 -1.760220 0.000000
9628 12.656674 -110.685806 -1.508695 0.000000
9629 12.817047 -110.334465 -1.123996 0.000000
9638 12.156334 -112.004929 -3.376945 0.000000
9639 12.420436 -111.540459 -3.031504 0.000000
9640 12.520114 -111.140373 -2.258581 0.000000
9641 12.611897 -110.888939 -1.889358 0.000000
9649 11.525116 -113.335281 -5.065333 0.000000
9650 11.682621 -113.002220 -4.607299 0.000000
9651 12.071832 -112.299736 -3.960665 0.000000
9652 12.347667 -111.808777 -3.535956 0.000000
9662 10.731767 -114.822441 -7.062963 0.000000
9663 11.021226 -114.368057 -6.649370 0.000000
9664 11.392098 -113.668961 -5.708285 0.000000
9665 11.880252 -112.903999 -5.157794 0.000000
9666 12.018691 -112.581345 -4.643336 0.000000
9673 10.606317 -115.078728 -7.580130 0.000000
9674 10.971240 -114.574577 -7.274095 0.000000
9676 10.327287 -115.543274 -8.252797 0.000000
10109 8.958641 -109.311714 8.494085 0.000000
10110 8.894202 -108.827766 9.258567 0.000000
10121 9.081196 -109.602692 7.903226 0.000000
10122 9.366691 -109.010201 8.289921 0.000000
10136 9.427768 -110.358986 6.312117 0.000000
10137 9.556586 -109.711647 7.014278 0.000000
10138 9.527760 -109.239464 7.722825 0.000000
10149 9.535835 -110.489067 5.965612 0.000000
10150 9.834842 -110.137100 5.973251 0.000000
10154 22.458574 -96.570480 -6.628973 0.000000
10155 22.324440 -96.773605 -6.351401 0.000000
10156 10.175370 -110.156708 5.358554 0.000000
10162 22.619295 -96.408142 -7.352287 0.000000
10163 22.431105 -96.771347 -7.246598 0.000000
10164 22.152222 -97.224777 -6.785908 0.000000
10165 21.831955 -97.857208 -6.758129 0.000000
10166 10.527177 -109.990517 4.955597 0.000000
10167 10.954841 -109.836784 4.354729 0.000000
10168 11.393255 -109.729225 3.631082 0.000000
10175 22.559910 -96.624008 -7.845200 0.000000
10176 22.147648 -97.470566 -7.843679 0.000000
10177 21.913998 -97.841949 -7.331364 0.000000
10178 21.637842 -98.354874 -7.196843 0.000000
10179 21.358824 -98.808342 -6.919629 0.000000
10180 11.806239 -109.671463 2.850155 0.000000
10181 12.238162 -109.555489 2.095872 0.000000
10192 21.376902 -98.947914 -7.611367 0.000000
10193 21.063208 -99.405701 -7.113090 0.000000
10194 12.628408 -109.448616 1.387917 0.000000
10195 12.928083 -109.337967 0.866933 0.000000
10206 20.762470 -100.017166 -7.345863 0.000000
10207 13.032615 -109.481789 0.269870 0.000000
10219 13.146211 -109.647148 -0.455520 0.000000
10229 13.089099 -110.120728 -1.495872 0.000000
10230 13.044448 -109.982109 -0.964609 0.000000
10241 12.754981 -111.166962 -3.218513 0.000000
10242 12.942698 -110.764084 -2.775588 0.000000
10243 12.858335 -110.612076 -2.017952 0.000000
10252 12.471165 -111.865723 -4.235468 0.000000
10253 12.723233 -111.382843 -3.769784 0.000000
10254 12.914866 -110.976257 -3.288221 0.000000
10261 11.332553 -114.104866 -7.194409 0.000000
10262 11.650867 -113.581032 -6.665533 0.000000
10263 12.211989 -112.706306 -6.068224 0.000000
10264 12.419447 -112.107216 -4.843456 0.000000
10265 12.651420 -111.665085 -4.364005 0.000000
10267 10.716925 -115.057358 -8.197239 0.000000
10268 11.143386 -114.465340 -7.870325 0.000000
10269 11.852508 -113.499794 -7.499888 0.000000
10270 12.061022 -113.100258 -6.857173 0.000000
10760 9.626909 -108.448051 8.670833 0.000000
10775 10.046377 -109.209129 6.940511 0.000000
10776 10.091557 -108.633133 7.670707 0.000000
10777 10.062550 -108.128860 8.434918 0.000000
10781 22.937929 -95.463638 -6.278461 0.000000
10782 22.790659 -95.651695 -5.818806 0.000000
10783 22.667410 -95.810982 -5.468811 0.000000
10784 10.068873 -109.522827 6.459227 0.000000
10785 10.450302 -108.963570 6.607403 0.000000
10792 22.920059 -95.611870 -6.695028 0.000000
10793 22.725344 -95.982887 -6.512794 0.000000
10794 22.465126 -96.341881 -5.859311 0.000000
10795 22.154127 -96.899384 -5.640127 0.000000
10796 10.429752 -109.582481 5.748941 0.000000
10797 11.008952 -108.840393 5.790853 0.000000
10807 22.847197 -95.906967 -7.299312 0.000000
10808 22.621054 -96.328590 -7.009105 0.000000
10809 22.198957 -96.958199 -6.125980 0.000000
10810 21.870470 -97.554604 -5.988523 0.000000
10811 21.481432 -98.245277 -5.819720 0.000000
10812 10.897802 -109.447044 5.087970 0.000000
10813 11.535197 -108.971581 4.584466 0.000000
10814 11.853377 -109.189285 3.586442 0.000000
10822 22.869719 -96.082245 -8.386859 0.000000
10823 21.557003 -98.307480 -6.479906 0.000000
10824 21.125856 -99.018486 -6.192134 0.000000
10825 20.697102 -99.713402 -5.947617 0.000000
10826 12.145864 -108.644775 3.885937 0.000000
10827 12.354800 -108.916801 2.980341 0.000000
10828 12.764400 -108.910362 2.079391 0.000000
10838 20.730186 -99.879250 -6.662844 0.000000
10839 20.314863 -100.453743 -6.180469 0.000000
10840 19.933636 -101.045609 -5.992335 0.000000
10841 13.077626 -108.902580 1.357516 0.000000
10842 13.304265 -108.938271 0.703361 0.000000
10852 20.375212 -100.656075 -7.192196 0.000000
10853 19.927036 -101.269783 -6.646918 0.000000
10854 19.643467 -101.585182 -6.151392 0.000000
10855 13.505411 -108.995064 -0.002966 0.000000
10868 19.923681 -101.521713 -7.489658 0.000000
10869 19.637110 -101.856514 -6.959527 0.000000
10870 19.621084 -101.759850 -6.556805 0.000000
10871 13.541398 -109.204842 -0.628017 0.000000
10883 13.548258 -109.559593 -1.621475 0.000000
10884 13.365495 -109.596642 -1.052829 0.000000
10895 13.511956 -110.012733 -2.827904 0.000000
10896 13.306297 -110.068321 -2.162740 0.000000
10906 13.361036 -110.606743 -4.065440 0.000000
10907 13.219241 -110.589767 -3.379807 0.000000
10911 12.703919 -112.146904 -6.405240 0.000000
10912 13.034607 -111.515610 -5.704259 0.000000
10913 12.971644 -111.297729 -4.603682 0.000000
10918 12.503039 -112.588272 -7.184883 0.000000
10919 13.036753 -111.757141 -6.653008 0.000000
11466 10.585713 -108.062820 7.669562 0.000000
11467 10.627797 -107.571701 8.308078 0.000000
11477 22.553211 -95.918243 -5.081112 0.000000
11478 11.028111 -107.982597 7.022440 0.000000
11479 11.205479 -107.311783 7.712877 0.000000
11486 23.151217 -95.090286 -6.691490 0.000000
11487 22.261993 -96.512871 -5.104386 0.000000
11488 21.946434 -97.134216 -5.120979 0.000000
11489 11.682227 -108.080421 5.687510 0.000000
11497 23.273952 -95.119438 -7.891187 0.000000
11499 21.598385 -97.813293 -5.174883 0.000000
11500 21.227814 -98.530785 -5.264059 0.000000
11501 12.299586 -107.982147 4.647875 0.000000
11511 20.841631 -99.247711 -5.327883 0.000000
11512 20.444017 -99.959747 -5.370131 0.000000
11513 12.660010 -108.151421 3.629799 0.000000
11514 12.968556 -108.278290 2.743782 0.000000
11515 13.271761 -108.347519 1.930504 0.000000
11526 20.058697 -100.643211 -5.442866 0.000000
11527 19.704128 -101.270874 -5.535354 0.000000
11528 13.516809 -108.416046 1.204811 0.000000
11529 13.713518 -108.478241 0.553154 0.000000
11541 19.396212 -101.837898 -5.705307 0.000000
11542 19.242939 -101.975754 -5.377653 0.000000
11543 13.885102 -108.479179 0.044110 0.000000
11555 19.426689 -102.400017 -7.633368 0.000000
11556 19.257198 -102.323975 -6.469701 0.000000
11557 19.118858 -102.275764 -5.651740 0.000000
11558 13.864218 -108.717422 -0.477590 0.000000
11564 19.050135 -103.056343 -7.735689 0.000000
11565 19.027805 -102.948433 -7.250820 0.000000
11566 13.844871 -109.171257 -1.645630 0.000000
11567 13.794156 -109.057785 -1.134189 0.000000
11573 13.882635 -109.520462 -2.873698 0.000000
11574 13.860955 -109.338554 -2.221828 0.000000
11581 13.781159 -110.073326 -4.224589 0.000000
11582 13.832355 -109.794640 -3.540020 0.000000
11594 13.693850 -110.614311 -5.698189 0.000000
11595 13.606720 -110.500229 -4.864748 0.000000
11607 13.324963 -111.539124 -7.480931 0.000000
11608 13.578221 -110.971046 -6.475689 0.000000
12237 11.858551 -107.374893 6.443545 0.000000
12238 11.710552 -106.991470 7.300054 0.000000
12250 23.549881 -94.272247 -7.023244 0.000000
12251 23.754122 -93.970116 -7.595042 0.000000
12252 22.361010 -96.096634 -4.463518 0.000000
12253 22.058380 -96.694969 -4.457385 0.000000
12254 12.337706 -107.314789 5.634119 0.000000
12259 23.571106 -94.449982 -7.808906 0.000000
12261 21.704561 -97.338379 -4.358928 0.000000
12262 21.331348 -98.080467 -4.498009 0.000000
12263 12.760617 -107.232475 4.932859 0.000000
12272 20.960375 -98.777817 -4.572821 0.000000
12273 20.567715 -99.484192 -4.615345 0.000000
12274 12.945927 -107.458344 4.181977 0.000000
12275 13.215805 -107.613022 3.344925 0.000000
12276 13.507892 -107.716415 2.511591 0.000000
12288 20.160120 -100.213120 -4.698756 0.000000
12289 19.778824 -100.912910 -4.868768 0.000000
12290 13.749217 -107.845833 1.709308 0.000000
12291 13.935717 -107.966125 1.005037 0.000000
12300 19.404173 -101.595840 -5.044269 0.000000
12301 19.055202 -102.194923 -5.107792 0.000000
12302 14.086169 -108.055923 0.393493 0.000000
12310 18.769011 -103.201149 -6.720127 0.000000
12311 18.641022 -103.046577 -5.599292 0.000000
12312 18.068487 -103.798729 -5.002183 0.000000
12313 17.777657 -104.191147 -4.729627 0.000000
12314 14.221278 -108.134087 -0.222826 0.000000
12322 18.605021 -103.756187 -7.695991 0.000000
12323 18.292418 -103.928284 -6.586964 0.000000
12324 18.002865 -104.141876 -5.766551 0.000000
12325 17.661453 -104.528900 -5.233676 0.000000
12326 14.156031 -108.725945 -1.593330 0.000000
12327 14.201417 -108.418465 -0.898573 0.000000
12336 17.984840 -104.647713 -7.344288 0.000000
12337 17.725344 -104.778526 -6.395735 0.000000
12338 17.610973 -104.775673 -5.781728 0.000000
12339 14.562696 -108.782616 -3.598202 0.000000
12340 14.304811 -108.935570 -2.897112 0.000000
12341 14.296247 -108.710106 -2.133241 0.000000
12354 14.509481 -109.396820 -5.484845 0.000000
12355 14.302184 -109.391273 -4.419438 0.000000
12356 14.255915 -109.226196 -3.615851 0.000000
12373 14.152040 -110.076981 -6.109110 0.000000
12374 14.059969 -109.997040 -5.319034 0.000000
12393 14.177042 -110.298668 -7.186395 0.000000
13051 12.517767 -106.493042 6.572570 0.000000
13062 23.987974 -93.496994 -7.886577 0.000000
13063 22.146057 -96.309776 -3.856620 0.000000
13064 21.899483 -96.786789 -3.835365 0.000000
13065 12.887210 -106.705124 5.522779 0.000000
13078 21.662825 -97.173576 -3.653552 0.000000
13079 21.405495 -97.694138 -3.770372 0.000000
13080 13.316057 -106.684624 4.681516 0.000000
13081 13.737310 -106.581581 3.955093 0.000000
13091 21.069485 -98.333191 -3.846808 0.000000
13092 20.705090 -98.993042 -3.880549 0.000000
13093 13.402578 -107.068733 3.861680 0.000000
13094 13.782690 -106.989761 3.154029 0.000000
13095 14.025474 -107.207260 2.205865 0.000000
13105 20.279230 -99.715660 -3.833176 0.000000
13106 19.822004 -100.562553 -4.048960 0.000000
13107 19.462749 -101.116913 -3.902950 0.000000
13108 14.195567 -107.402924 1.421780 0.000000
13109 14.308669 -107.577255 0.773278 0.000000
13115 19.519922 -101.194260 -4.430326 0.000000
13116 19.136442 -101.786415 -4.276708 0.000000
13117 18.744591 -102.385902 -4.093580 0.000000
13118 14.414189 -107.680367 0.233323 0.000000
13123 18.793894 -102.494728 -4.695165 0.000000
13124 18.398787 -103.065132 -4.400411 0.000000
13125 17.920160 -103.825546 -4.290568 0.000000
13126 14.536563 -107.687881 -0.188038 0.000000
13138 17.452759 -104.615196 -4.397180 0.000000
13139 16.754982 -105.615540 -4.047378 0.000000
13140 16.074907 -106.507896 -3.490043 0.000000
13141 15.594049 -107.110016 -3.047111 0.000000
13142 15.003577 -107.542557 -1.634242 0.000000
13143 14.615430 -107.983833 -1.301514 0.000000
13144 14.524777 -107.878304 -0.641346 0.000000
13161 17.394636 -105.524269 -7.161530 0.000000
13162 17.038679 -105.656639 -5.729590 0.000000
13163 16.071251 -106.881111 -4.800603 0.000000
13164 15.475018 -107.533875 -3.914305 0.000000
13165 15.017129 -107.955368 -3.033576 0.000000
13166 14.691715 -108.153526 -2.143278 0.000000
13167 14.444661 -108.394318 -1.796087 0.000000
13184 16.732727 -106.565445 -7.217960 0.000000
13185 15.897447 -107.627502 -6.524025 0.000000
13186 15.150594 -108.344070 -5.091481 0.000000
13187 14.907223 -108.401978 -4.013706 0.000000
13200 15.240725 -108.854561 -7.491714 0.000000
13201 14.846112 -109.167198 -6.465763 0.000000
13215 14.737303 -109.549263 -7.349669 0.000000
13894 21.994741 -96.476891 -3.491458 0.000000
13895 21.804640 -96.734772 -3.191369 0.000000
13896 13.487816 -105.782661 5.796077 0.000000
13908 21.483292 -97.318245 -3.111179 0.000000
13909 21.164484 -97.924347 -3.153167 0.000000
13910 13.970306 -105.937210 4.529768 0.000000
13911 14.199618 -106.210548 3.558759 0.000000
13920 20.836731 -98.533379 -3.201645 0.000000
13921 20.506517 -99.117325 -3.204994 0.000000
13922 14.361583 -106.507286 2.659610 0.000000
13923 14.521482 -106.760452 1.798277 0.000000
13928 20.230663 -99.563232 -3.105967 0.000000
13929 19.954706 -100.084343 -3.263463 0.000000
13930 19.597471 -100.710220 -3.330980 0.000000
13931 14.595608 -107.039841 1.060069 0.000000
13932 14.589311 -107.297493 0.547508 0.000000
13937 19.241226 -101.340446 -3.421202 0.000000
13938 18.880455 -101.979744 -3.514267 0.000000
13939 14.888096 -106.862236 0.568949 0.000000
13940 14.715775 -107.309723 0.114372 0.000000
13951 18.518955 -102.613510 -3.584459 0.000000
13952 18.104153 -103.300819 -3.545253 0.000000
13953 17.771051 -103.721741 -3.092339 0.000000
13954 15.057180 -106.887398 -0.051747 0.000000
13955 14.786760 -107.420815 -0.409986 0.000000
13968 17.709032 -103.992004 -3.679135 0.000000
13969 17.283802 -104.504402 -3.077661 0.000000
13970 16.578129 -105.531128 -2.790085 0.000000
13971 15.940460 -106.375824 -2.338267 0.000000
13972 15.456346 -106.887863 -1.656114 0.000000
13973 15.102473 -107.134377 -0.870652 0.000000
13974 14.761583 -107.607101 -0.808539 0.000000
13987 15.432779 -107.175316 -2.453955 0.000000
13988 15.125637 -107.544151 -2.186559 0.000000
14003 16.243258 -107.426132 -7.630940 0.000000
14018 15.799113 -108.109428 -7.742088 0.000000
14730 21.599194 -96.853195 -2.438284 0.000000
14741 21.247681 -97.531731 -2.462685 0.000000
14742 20.932142 -98.136681 -2.525246 0.000000
14743 14.471107 -104.904549 5.193982 0.000000
14744 14.591456 -105.439102 4.003099 0.000000
14752 20.633345 -98.696739 -2.592819 0.000000
14753 20.345255 -99.206734 -2.604852 0.000000
14754 14.730991 -105.786736 3.065796 0.000000
14755 14.876998 -106.065559 2.192361 0.000000
14761 20.059647 -99.701973 -2.614362 0.000000
14762 19.732302 -100.266624 -2.637249 0.000000
14763 19.369991 -100.903404 -2.705351 0.000000
14764 15.036328 -106.316460 1.267286 0.000000
14774 19.001451 -101.557899 -2.794181 0.000000
14775 18.643135 -102.205643 -2.917003 0.000000
14776 15.306267 -106.298622 0.488378 0.000000
14789 18.341475 -102.755470 -3.041643 0.000000
14790 18.055798 -103.147591 -2.738273 0.000000
14791 17.684484 -103.670395 -2.427488 0.000000
14792 15.842881 -105.935043 -0.538124 0.000000
14793 15.517502 -106.276321 -0.191475 0.000000
14805 17.341829 -104.139908 -2.130732 0.000000
14806 16.941782 -104.754440 -2.066693 0.000000
14807 16.438046 -105.429726 -1.722191 0.000000
14808 15.964193 -105.984612 -1.204363 0.000000
14809 15.582857 -106.446167 -0.893616 0.000000
15595 21.322523 -97.180855 -1.870983 0.000000
15596 20.971533 -97.775520 -1.681626 0.000000
15597 20.641453 -98.335732 -1.545400 0.000000
15599 15.041596 -104.693016 4.271307 0.000000
15608 20.726631 -98.355507 -2.060036 0.000000
15609 20.441683 -98.829491 -1.955985 0.000000
15610 20.170776 -99.198761 -1.632834 0.000000
15611 15.108022 -105.085121 3.412714 0.000000
15612 15.214619 -105.393272 2.586073 0.000000
15622 20.185738 -99.339241 -2.146587 0.000000
15623 19.895061 -99.765694 -1.920552 0.000000
15624 19.506138 -100.449585 -1.983652 0.000000
15625 15.357711 -105.605339 1.796364 0.000000
15634 19.132925 -101.111542 -2.063777 0.000000
15635 18.733686 -101.820862 -2.144978 0.000000
15636 18.412138 -102.270844 -1.822686 0.000000
15637 15.930719 -105.262665 0.781665 0.000000
15638 15.666471 -105.554535 0.985624 0.000000
15646 18.374084 -102.519180 -2.427317 0.000000
15647 18.038197 -102.924301 -1.902456 0.000000
15648 17.588463 -103.584824 -1.630363 0.000000
15649 16.396477 -104.977791 -0.194964 0.000000
15650 16.051502 -105.338455 0.174104 0.000000
15651 15.640932 -105.870949 0.362399 0.000000
15660 17.186665 -104.181335 -1.455247 0.000000
15661 16.789505 -104.733826 -1.228304 0.000000
15662 16.377003 -105.190750 -0.705478 0.000000
15663 16.065355 -105.614777 -0.569583 0.000000
16348 20.685575 -98.038345 -0.924331 0.000000
16350 15.433401 -104.493782 3.683429 0.000000
16360 20.367123 -98.674934 -1.106417 0.000000
16361 19.945421 -99.387115 -1.031996 0.000000
16362 19.594357 -99.922905 -0.823336 0.000000
16363 15.602118 -104.691483 2.883633 0.000000
16364 15.571774 -105.106888 2.184372 0.000000
16380 19.641682 -100.030411 -1.389521 0.000000
16381 19.246033 -100.634659 -1.182107 0.000000
16382 18.852591 -101.259209 -1.038439 0.000000
16383 15.912456 -104.658775 2.091166 0.000000
16384 15.738351 -105.172668 1.580282 0.000000
16397 18.922459 -101.318169 -1.570601 0.000000
16398 18.625671 -101.776718 -1.420994 0.000000
16399 18.265709 -102.318657 -1.219167 0.000000
16400 16.056551 -104.885857 1.191650 0.000000
16401 15.826750 -105.207436 1.250051 0.000000
16410 17.851383 -102.958664 -1.057719 0.000000
16411 17.396093 -103.624107 -0.813079 0.000000
16412 17.024124 -104.028030 -0.280759 0.000000
16413 16.604229 -104.539558 0.094337 0.000000
16414 16.406164 -104.582390 0.713778 0.000000
16422 17.030582 -104.236191 -0.866446 0.000000
16423 16.731390 -104.596428 -0.554583 0.000000
16424 16.532389 -104.829140 -0.340436 0.000000
17126 15.884558 -103.948883 3.534761 0.000000
17140 20.477743 -98.272400 -0.519496 0.000000
17141 20.181606 -98.658310 -0.131141 0.000000
17142 19.736961 -99.463699 -0.211748 0.000000
17143 16.047478 -104.141983 2.716172 0.000000
17159 19.377525 -100.105705 -0.293993 0.000000
17160 18.905706 -100.896515 -0.284044 0.000000
17161 18.458025 -101.556892 -0.029091 0.000000
17162 16.798208 -103.382591 1.999669 0.000000
17163 16.423079 -103.941917 2.007548 0.000000
17178 18.539043 -101.683388 -0.729834 0.000000
17179 18.096586 -102.301208 -0.383411 0.000000
17180 17.721333 -102.677460 0.252858 0.000000
17181 17.336161 -103.090065 0.767931 0.000000
17182 16.919439 -103.478432 1.386540 0.000000
17183 16.503870 -104.230904 1.160490 0.000000
17196 17.691029 -102.988808 -0.400479 0.000000
17197 17.364286 -103.368294 -0.002564 0.000000
17198 16.989502 -103.780518 0.458136 0.000000
17199 16.663086 -104.158714 0.782732 0.000000
17200 16.528946 -104.325699 0.884964 0.000000
17948 19.762531 -99.045601 0.810531 0.000000
17949 19.349380 -99.608139 1.177115 0.000000
17950 16.865725 -102.785461 3.027884 0.000000
17951 16.390408 -103.461159 3.077455 0.000000
17970 19.530125 -99.667389 0.209346 0.000000
17971 19.222448 -100.059425 0.539366 0.000000
17972 18.612268 -100.988358 0.757349 0.000000
17973 18.088657 -101.599258 1.372361 0.000000
17974 17.617744 -102.163071 1.839346 0.000000
17975 17.115198 -102.818169 2.155595 0.000000
17976 16.721876 -103.280067 2.452099 0.000000
17989 18.115885 -101.918503 0.500139 0.000000
17990 17.699406 -102.382423 1.034884 0.000000
17991 17.302601 -102.832664 1.476305 0.000000
17992 17.114843 -103.046265 1.673042 0.000000
18839 18.988436 -100.113243 1.413107 0.000000
18840 18.484425 -100.777702 1.801351 0.000000
18841 17.991560 -101.360092 2.306199 0.000000
18842 17.499537 -101.971848 2.690963 0.000000
18843 17.176376 -102.398895 2.857977 0.000000
