#!ascii label, from subject R3517, vox2ras=tkReg 
658
2287 -5.194063 -124.272148 6.551932 0.000000
2288 -5.610553 -124.695969 6.471893 0.000000
2295 -4.453922 -123.778366 6.325019 0.000000
2296 -4.750966 -124.063644 6.300585 0.000000
2297 -5.128704 -124.607346 6.025376 0.000000
2298 -5.628506 -125.246162 5.760249 0.000000
2307 -4.334168 -123.913811 5.993500 0.000000
2308 -4.616712 -124.394623 5.691076 0.000000
2309 -4.972085 -124.942307 5.390960 0.000000
2310 -5.230989 -125.435921 5.043982 0.000000
2319 -4.152575 -124.140762 5.458243 0.000000
2320 -4.365943 -124.673340 5.002991 0.000000
2321 -4.866066 -125.265472 4.830250 0.000000
2322 -5.067688 -125.502266 4.762678 0.000000
2652 -5.288125 -122.742821 8.745956 0.000000
2653 -5.912327 -123.365433 8.611551 0.000000
2661 -4.871070 -122.741669 8.259719 0.000000
2662 -5.206942 -123.220253 7.993248 0.000000
2663 -5.821507 -123.967346 7.687986 0.000000
2671 -3.805522 -122.245483 7.659541 0.000000
2672 -4.382439 -122.758278 7.647727 0.000000
2673 -4.952607 -123.712265 7.017505 0.000000
2674 -5.525536 -124.257248 6.958064 0.000000
2683 -3.447646 -122.397293 6.994982 0.000000
2684 -4.153294 -123.383591 6.496048 0.000000
2685 -4.577843 -123.738312 6.530221 0.000000
2695 -3.194544 -123.039055 5.768175 0.000000
2696 -3.880484 -123.699829 5.720201 0.000000
2707 -2.716870 -123.334625 4.729066 0.000000
2708 -3.569538 -124.002594 4.906357 0.000000
2709 -3.935768 -124.718826 4.391159 0.000000
2710 -4.455426 -125.218460 4.372715 0.000000
2711 -5.107154 -125.786713 4.412461 0.000000
2720 -2.478653 -123.583557 4.057458 0.000000
2721 -2.945771 -123.909218 4.219218 0.000000
2722 -3.369689 -124.474174 3.987662 0.000000
2723 -3.922237 -125.204636 3.697779 0.000000
2724 -4.539476 -125.630890 3.909625 0.000000
2733 -2.178177 -123.541527 3.708884 0.000000
2734 -2.597849 -124.135445 3.425720 0.000000
2735 -3.252442 -124.853821 3.296385 0.000000
2736 -3.581789 -125.261383 3.163768 0.000000
2743 -2.050735 -123.692314 3.310591 0.000000
2744 -2.103843 -123.951546 3.003840 0.000000
2787 -3.883566 -129.023193 -3.227884 0.000000
3084 -5.170093 -122.144569 9.431022 0.000000
3085 -5.954528 -122.729050 9.526770 0.000000
3093 -3.892625 -121.552437 8.727981 0.000000
3094 -4.599664 -122.222061 8.653672 0.000000
3101 -2.563430 -121.026093 7.809201 0.000000
3102 -3.374970 -121.705719 7.879170 0.000000
3103 -4.012516 -122.102074 8.114367 0.000000
3112 -2.082597 -121.184128 6.968260 0.000000
3113 -2.781587 -121.659134 7.195260 0.000000
3123 -1.815008 -121.356827 6.373070 0.000000
3124 -2.436362 -121.960159 6.320914 0.000000
3136 -1.572416 -121.584229 5.720399 0.000000
3137 -2.158381 -122.469284 5.223285 0.000000
3152 -0.460396 -121.607552 4.158641 0.000000
3153 -1.071722 -121.891197 4.591863 0.000000
3154 -1.956947 -122.985016 4.209688 0.000000
3155 -4.333764 -125.754517 3.466830 0.000000
3156 -4.881493 -126.160629 3.600629 0.000000
3170 -0.520851 -122.051826 3.574139 0.000000
3171 -1.286817 -122.754051 3.616116 0.000000
3172 -1.807992 -123.301201 3.543497 0.000000
3173 -2.806998 -124.738831 2.847523 0.000000
3174 -3.240686 -125.285210 2.657557 0.000000
3175 -3.914556 -125.683678 3.002771 0.000000
3176 -4.412212 -126.061821 3.126340 0.000000
3185 -0.249334 -122.255997 2.868018 0.000000
3186 -0.794159 -122.757713 2.900542 0.000000
3187 -1.566941 -123.522057 2.871294 0.000000
3188 -2.201973 -124.448799 2.405433 0.000000
3189 -2.748111 -124.954605 2.449178 0.000000
3196 0.112096 -122.163391 2.471803 0.000000
3197 -0.296172 -122.640961 2.342076 0.000000
3198 -0.840203 -123.307404 2.123937 0.000000
3199 -1.451887 -123.944382 2.060543 0.000000
3212 0.170090 -122.416740 1.984760 0.000000
3213 -0.174710 -122.932999 1.695493 0.000000
3214 -0.563737 -123.476036 1.435879 0.000000
3239 -3.401052 -128.579254 -3.114873 0.000000
3240 -3.762141 -128.642502 -2.456870 0.000000
3250 -2.874065 -128.145844 -3.191161 0.000000
3251 -3.307462 -128.373886 -2.780385 0.000000
3582 -6.426051 -122.402481 10.495729 0.000000
3592 -5.077214 -121.768639 9.841458 0.000000
3593 -5.518453 -121.897797 10.164430 0.000000
3600 -3.676794 -120.857834 9.421856 0.000000
3601 -4.566579 -121.469643 9.646229 0.000000
3602 -5.041688 -121.535057 10.115163 0.000000
3609 -2.293558 -120.260414 8.534283 0.000000
3610 -3.115320 -120.923111 8.644805 0.000000
3617 -0.957527 -119.844322 7.389536 0.000000
3618 -1.731228 -120.394569 7.625860 0.000000
3624 -0.408581 -119.802925 6.719175 0.000000
3625 -1.167559 -120.681480 6.477796 0.000000
3633 0.483233 -119.927299 5.324497 0.000000
3634 0.005886 -120.127937 5.688775 0.000000
3635 -0.784579 -121.120537 5.328683 0.000000
3646 0.571539 -120.158638 4.853312 0.000000
3647 -0.212004 -121.053551 4.631595 0.000000
3648 -0.689701 -121.359261 4.852492 0.000000
3649 -4.654744 -126.329605 3.053495 0.000000
3664 0.767625 -120.711105 3.737538 0.000000
3665 -0.034356 -121.418968 3.830575 0.000000
3666 -3.245402 -125.587807 2.217893 0.000000
3667 -3.636368 -125.834229 2.398095 0.000000
3668 -4.278025 -126.345894 2.509275 0.000000
3681 1.038138 -121.117622 2.709638 0.000000
3682 0.256214 -121.654083 3.044559 0.000000
3683 -2.188425 -124.864326 1.760673 0.000000
3684 -2.750661 -125.332321 1.880211 0.000000
3685 -3.362114 -125.885170 1.930428 0.000000
3686 -3.783525 -126.188225 2.067168 0.000000
3696 1.812030 -120.883484 1.895424 0.000000
3697 1.389988 -121.244354 1.971438 0.000000
3698 0.680098 -121.839745 2.114048 0.000000
3699 -1.037867 -123.865067 1.555762 0.000000
3700 -1.619648 -124.569771 1.341685 0.000000
3701 -2.194114 -125.096947 1.409322 0.000000
3710 1.846255 -121.133324 1.427486 0.000000
3711 1.259528 -121.768959 1.318668 0.000000
3712 0.526333 -122.497147 1.295186 0.000000
3713 -0.051132 -123.250366 0.987486 0.000000
3714 -0.725668 -124.017303 0.814950 0.000000
3715 -1.219480 -124.577904 0.694594 0.000000
3724 1.895356 -121.574310 0.596156 0.000000
3725 1.200443 -122.307877 0.513154 0.000000
3726 0.581881 -122.948509 0.454987 0.000000
3727 0.030619 -123.620865 0.231938 0.000000
3728 -0.427160 -124.179115 0.051423 0.000000
3743 1.671786 -122.137749 -0.001227 0.000000
3744 1.368094 -122.466873 -0.048235 0.000000
3745 -3.547891 -128.334961 -2.140543 0.000000
3746 -3.785356 -128.387497 -1.775355 0.000000
3747 -3.972147 -128.335495 -1.286100 0.000000
3755 -2.568821 -127.658775 -2.661697 0.000000
3756 -3.189557 -128.098511 -2.360718 0.000000
3757 -3.450694 -128.179291 -1.977068 0.000000
3760 -0.489403 -126.281151 -3.974032 0.000000
3761 -1.110048 -126.781479 -3.788970 0.000000
3762 -1.750014 -127.251907 -3.489928 0.000000
3763 -2.301717 -127.658722 -3.249968 0.000000
3778 -0.068126 -125.932098 -4.080547 0.000000
4097 -6.388751 -122.012894 10.980619 0.000000
4098 -6.493145 -121.744629 11.445821 0.000000
4099 -6.574668 -121.174850 12.271483 0.000000
4100 -6.962642 -120.946800 12.955870 0.000000
4109 -5.949089 -121.690178 10.923425 0.000000
4110 -5.864360 -121.079170 11.638652 0.000000
4111 -5.899835 -120.477654 12.465499 0.000000
4119 -3.528621 -120.412781 9.852573 0.000000
4120 -4.060843 -120.646980 10.165736 0.000000
4121 -4.992833 -120.974884 10.802079 0.000000
4122 -5.268584 -120.376785 11.907084 0.000000
4123 -5.359470 -119.971687 12.532714 0.000000
4132 -2.140699 -119.740860 9.061009 0.000000
4133 -2.887429 -120.103546 9.489790 0.000000
4134 -3.485471 -120.016907 10.331228 0.000000
4135 -4.105184 -120.109055 10.936237 0.000000
4136 -4.544116 -119.908501 11.702812 0.000000
4137 -4.944575 -119.808540 12.285776 0.000000
4144 0.716917 -118.630890 6.857830 0.000000
4145 -0.161496 -118.977531 7.550803 0.000000
4146 -1.330242 -119.344070 8.570862 0.000000
4147 -2.059897 -119.235825 9.647482 0.000000
4148 -2.803348 -119.337654 10.419561 0.000000
4149 -3.524707 -119.454460 11.120647 0.000000
4150 -4.016630 -119.610870 11.489415 0.000000
4155 0.749260 -119.095062 6.158113 0.000000
4156 0.229569 -119.363487 6.485747 0.000000
4162 0.869893 -119.482887 5.427227 0.000000
4163 0.464828 -119.521530 5.940465 0.000000
4169 1.921294 -119.445580 3.982798 0.000000
4170 1.511854 -119.624023 4.303074 0.000000
4180 1.987659 -119.604507 3.640617 0.000000
4181 1.567044 -120.100769 3.500481 0.000000
4182 -3.991059 -126.435181 1.976826 0.000000
4183 -4.250051 -126.768379 1.810303 0.000000
4198 2.122969 -120.012871 2.800176 0.000000
4199 1.438527 -120.533195 3.022565 0.000000
4200 -2.794948 -125.697182 1.383692 0.000000
4201 -3.112522 -125.929291 1.494145 0.000000
4202 -3.655672 -126.417854 1.519979 0.000000
4203 -4.107871 -127.022255 1.203614 0.000000
4212 2.832061 -120.322479 1.148146 0.000000
4213 2.310345 -120.439125 1.818944 0.000000
4214 1.688175 -120.707977 2.368501 0.000000
4215 -1.984848 -125.160538 0.977799 0.000000
4216 -2.444672 -125.545128 1.082767 0.000000
4217 -2.886038 -125.976280 1.074947 0.000000
4218 -3.242554 -126.254677 1.171464 0.000000
4222 2.907718 -120.607193 0.529924 0.000000
4223 2.387978 -120.870567 0.972768 0.000000
4224 -0.947288 -124.588173 0.229381 0.000000
4225 -1.601905 -125.131042 0.396193 0.000000
4226 -2.083897 -125.451561 0.659686 0.000000
4235 3.429849 -120.542801 -0.320888 0.000000
4236 2.958911 -120.894791 -0.077800 0.000000
4237 2.507715 -121.123619 0.327590 0.000000
4238 1.073771 -122.735092 -0.010574 0.000000
4239 0.687475 -123.265129 -0.276619 0.000000
4240 0.090890 -124.053619 -0.629388 0.000000
4241 -0.608929 -124.607048 -0.379318 0.000000
4242 -1.127731 -125.007713 -0.188804 0.000000
4256 3.601310 -120.536430 -0.654517 0.000000
4257 3.165804 -121.029243 -0.732900 0.000000
4258 2.363767 -121.647797 -0.371302 0.000000
4259 1.509143 -122.669922 -0.683067 0.000000
4260 0.810327 -123.545639 -1.009369 0.000000
4261 0.447015 -124.013321 -1.199714 0.000000
4262 -3.680160 -128.088348 -1.312270 0.000000
4263 -3.908589 -128.102524 -0.913313 0.000000
4269 2.828501 -121.565750 -1.110723 0.000000
4270 2.335207 -122.141731 -1.266387 0.000000
4271 1.885288 -122.742790 -1.549864 0.000000
4272 -2.305809 -127.274986 -2.333732 0.000000
4273 -2.718939 -127.528709 -2.046980 0.000000
4274 -3.276382 -127.865112 -1.640886 0.000000
4276 0.934814 -124.812370 -3.822679 0.000000
4277 0.539563 -125.175835 -3.740001 0.000000
4278 -0.109121 -125.732101 -3.546249 0.000000
4279 -0.775934 -126.254868 -3.282146 0.000000
4280 -1.408510 -126.753349 -3.054711 0.000000
4281 -2.013411 -127.204391 -2.791026 0.000000
4298 0.218739 -125.622063 -4.009007 0.000000
4631 -6.434124 -120.553146 12.928263 0.000000
4644 -6.072647 -120.245811 12.948953 0.000000
4656 -5.719316 -119.898872 13.009420 0.000000
4668 -4.585835 -119.488205 12.292788 0.000000
4669 -4.963053 -119.267220 12.981902 0.000000
4681 1.286506 -117.954254 7.030700 0.000000
4682 0.728068 -117.913368 7.845771 0.000000
4683 -0.129380 -117.915321 8.989756 0.000000
4684 -1.194062 -118.350746 9.765519 0.000000
4685 -2.023486 -118.512848 10.575983 0.000000
4686 -2.849650 -118.672203 11.349786 0.000000
4687 -3.890325 -118.945709 12.193813 0.000000
4697 2.137671 -118.281677 5.374616 0.000000
4698 1.459589 -118.454826 6.081040 0.000000
4699 0.044908 -117.264465 9.672171 0.000000
4700 -0.426261 -117.428307 10.052085 0.000000
4701 -1.228207 -117.650581 10.757187 0.000000
4702 -2.031702 -117.810684 11.514166 0.000000
4703 -2.837683 -117.949150 12.271316 0.000000
4711 2.310061 -118.585052 4.687685 0.000000
4712 1.706951 -118.919106 5.064273 0.000000
4718 2.261632 -119.095299 4.005248 0.000000
4719 1.948420 -119.060028 4.514683 0.000000
4725 3.077678 -118.953087 2.995477 0.000000
4726 2.533135 -119.323799 3.254796 0.000000
4737 3.780292 -118.676430 2.317693 0.000000
4738 3.442749 -118.923645 2.462356 0.000000
4739 2.827168 -119.465454 2.576144 0.000000
4740 -3.421139 -126.478180 1.080273 0.000000
4741 -3.644480 -126.768028 0.943621 0.000000
4742 -3.959210 -127.188507 0.726283 0.000000
4746 3.813087 -118.894234 1.882253 0.000000
4747 3.150508 -119.658203 1.722449 0.000000
4748 2.607425 -119.897644 2.228143 0.000000
4749 -2.302556 -125.674744 0.643247 0.000000
4750 -2.591250 -125.960045 0.631765 0.000000
4751 -3.150812 -126.463852 0.686041 0.000000
4752 -3.583745 -127.022179 0.441620 0.000000
4753 -3.978795 -127.471001 0.299070 0.000000
4755 3.948003 -119.273125 0.970048 0.000000
4756 3.377998 -120.018433 0.705530 0.000000
4757 -1.765086 -125.486649 0.063543 0.000000
4758 -2.105852 -125.739510 0.202786 0.000000
4759 -2.678731 -126.354797 0.104775 0.000000
4760 -3.181712 -126.881813 0.040362 0.000000
4761 -3.602684 -127.341759 -0.053189 0.000000
4762 -3.944229 -127.723969 -0.159269 0.000000
4774 4.477888 -119.894058 -1.237134 0.000000
4775 4.047376 -119.840416 -0.243088 0.000000
4776 3.349599 -120.385536 0.116423 0.000000
4777 -0.366895 -124.683907 -0.946612 0.000000
4778 -0.904172 -125.118073 -0.776890 0.000000
4779 -1.598703 -125.586449 -0.401704 0.000000
4780 -2.252714 -126.261230 -0.461920 0.000000
4781 -2.808519 -126.810333 -0.464912 0.000000
4782 -3.281590 -127.279457 -0.475497 0.000000
4783 -3.659195 -127.647011 -0.478846 0.000000
4784 -3.938783 -127.933945 -0.526822 0.000000
4795 4.454483 -120.304962 -2.036500 0.000000
4796 3.742751 -120.710251 -1.310477 0.000000
4797 3.202001 -121.261948 -1.266768 0.000000
4798 1.346199 -123.306953 -1.586935 0.000000
4799 0.751857 -123.948097 -1.663917 0.000000
4800 0.113296 -124.493774 -1.485496 0.000000
4801 -0.550156 -125.132217 -1.448752 0.000000
4802 -1.198013 -125.676804 -1.280741 0.000000
4803 -1.860579 -126.253853 -1.152114 0.000000
4804 -2.478737 -126.806747 -1.052353 0.000000
4805 -2.990753 -127.252098 -0.943040 0.000000
4806 -3.457684 -127.711296 -0.963306 0.000000
4807 -3.740120 -127.855644 -0.716537 0.000000
4813 4.486700 -120.595314 -2.755673 0.000000
4814 3.900500 -121.050720 -2.391563 0.000000
4815 3.051589 -121.714966 -1.902614 0.000000
4816 2.346592 -122.474739 -1.963017 0.000000
4817 1.866529 -123.097458 -2.233959 0.000000
4818 1.225824 -123.815750 -2.362702 0.000000
4819 0.538630 -124.493645 -2.323485 0.000000
4820 -0.151044 -125.108368 -2.169853 0.000000
4821 -0.818276 -125.690201 -2.018466 0.000000
4822 -1.474607 -126.257195 -1.877215 0.000000
4823 -2.173253 -126.909279 -1.833376 0.000000
4824 -2.794607 -127.324112 -1.459858 0.000000
4825 -3.129493 -127.545021 -1.249505 0.000000
4827 5.098477 -120.294670 -3.622190 0.000000
4828 4.869633 -120.447388 -3.390715 0.000000
4829 4.191324 -121.127464 -3.288404 0.000000
4830 3.446218 -121.814285 -3.044276 0.000000
4831 2.571231 -122.648262 -2.844905 0.000000
4832 1.795203 -123.567032 -3.076674 0.000000
4833 1.027221 -124.456421 -3.273037 0.000000
4834 0.236713 -125.116203 -2.970452 0.000000
4835 -0.450351 -125.696220 -2.760122 0.000000
4836 -1.103587 -126.238846 -2.567334 0.000000
4837 -1.703515 -126.740807 -2.410066 0.000000
4838 -2.049699 -127.039291 -2.340872 0.000000
4847 5.069540 -120.420456 -3.894547 0.000000
4848 4.578101 -121.040611 -4.156475 0.000000
4849 3.833861 -121.782974 -3.982156 0.000000
4850 3.092246 -122.525169 -3.841753 0.000000
4851 2.361531 -123.301872 -3.828043 0.000000
4852 1.686724 -124.049393 -3.896889 0.000000
4853 1.221920 -124.576088 -3.968876 0.000000
5223 2.311986 -117.059044 6.864016 0.000000
5224 1.691959 -117.109581 7.651242 0.000000
5225 0.944380 -116.869980 9.006381 0.000000
5226 0.318895 -117.153038 9.462100 0.000000
5235 2.371866 -117.597099 6.019764 0.000000
5236 1.826283 -117.639725 6.726799 0.000000
5237 1.000420 -116.282990 9.749264 0.000000
5238 0.393212 -116.553551 10.188139 0.000000
5239 -0.482213 -116.823318 10.944111 0.000000
5240 -1.248330 -116.968285 11.690978 0.000000
5241 -2.028921 -117.099663 12.438650 0.000000
5252 3.255056 -117.754684 4.522038 0.000000
5253 2.833234 -117.828598 5.027956 0.000000
5254 0.459065 -116.017555 10.844601 0.000000
5255 0.092722 -116.138588 11.148508 0.000000
5256 -0.514623 -116.194954 11.829604 0.000000
5257 -1.236457 -116.223625 12.660055 0.000000
5266 3.523734 -117.766693 4.100316 0.000000
5267 2.966395 -118.299004 4.146365 0.000000
5276 4.177552 -117.978989 2.764193 0.000000
5277 3.657480 -118.245842 3.173151 0.000000
5278 2.902755 -118.787376 3.514462 0.000000
5288 4.088414 -118.326225 2.355981 0.000000
5289 3.749045 -118.546463 2.576183 0.000000
5291 4.429196 -118.484825 1.473883 0.000000
5293 5.471426 -118.350128 -0.266634 0.000000
5294 4.835230 -118.718971 0.290599 0.000000
5306 5.022198 -119.064148 -0.737803 0.000000
5307 4.640087 -119.211327 -0.232058 0.000000
5315 5.393572 -119.501816 -2.471605 0.000000
5316 5.100152 -119.528107 -1.849673 0.000000
5325 5.438701 -119.670364 -2.989368 0.000000
5326 4.991171 -120.017685 -2.665186 0.000000
5334 5.346270 -120.000381 -3.578486 0.000000
5335 5.164908 -120.039368 -3.156769 0.000000
5761 3.447211 -115.991913 6.759749 0.000000
5762 2.727166 -116.190277 7.495251 0.000000
5763 1.999171 -116.113983 8.612329 0.000000
5764 1.521300 -115.897354 9.573473 0.000000
5773 3.615329 -116.426720 5.902374 0.000000
5774 2.929807 -116.738419 6.443151 0.000000
5775 1.128473 -115.802879 10.241807 0.000000
5776 0.804765 -115.735542 10.772211 0.000000
5787 3.686213 -117.106163 4.820031 0.000000
5788 3.089752 -117.143761 5.639789 0.000000
5789 0.530270 -115.634407 11.272030 0.000000
5790 0.142159 -115.599777 11.813160 0.000000
5791 -0.386811 -115.409622 12.721032 0.000000
5804 4.035576 -117.408333 3.846303 0.000000
5819 4.379648 -117.900696 2.553647 0.000000
5820 4.559475 -117.429810 2.981471 0.000000
5828 4.667209 -117.853973 2.121597 0.000000
5829 5.324450 -117.139801 2.143795 0.000000
5832 5.186238 -117.818810 1.236211 0.000000
5833 5.932155 -117.011711 1.263563 0.000000
5836 5.740180 -118.078224 -0.287512 0.000000
5837 5.895229 -117.677780 0.138891 0.000000
5838 6.333751 -116.906616 0.693891 0.000000
5850 5.834941 -118.198616 -0.730254 0.000000
5851 6.254901 -117.679092 -0.589026 0.000000
5860 5.600471 -119.144157 -2.172548 0.000000
5861 5.730878 -118.740662 -1.622019 0.000000
5871 5.818298 -119.124130 -2.678971 0.000000
5872 5.936922 -118.805450 -2.238419 0.000000
5885 5.896563 -119.306984 -3.382338 0.000000
6288 4.249923 -112.448013 10.695512 0.000000
6289 4.016747 -112.429428 11.038604 0.000000
6290 3.745976 -112.384331 11.468719 0.000000
6300 4.509129 -113.229607 9.189215 0.000000
6301 4.328365 -113.159966 9.546866 0.000000
6302 4.014367 -112.891647 10.377207 0.000000
6303 3.484004 -112.819595 11.205100 0.000000
6304 3.536326 -112.514679 11.566062 0.000000
6314 4.548405 -113.661850 8.511948 0.000000
6315 4.321062 -113.588470 8.935799 0.000000
6316 3.710651 -113.685326 9.653171 0.000000
6317 3.086038 -113.620331 10.612378 0.000000
6318 3.079400 -113.201714 11.212975 0.000000
6327 4.352486 -114.054245 8.226501 0.000000
6328 3.655458 -114.354553 8.775450 0.000000
6329 2.841668 -114.502831 9.700527 0.000000
6330 2.509780 -114.294395 10.452638 0.000000
6341 3.813939 -115.044579 7.578576 0.000000
6342 2.877815 -115.259468 8.586423 0.000000
6343 2.215256 -115.347076 9.383661 0.000000
6344 1.824896 -114.953789 10.468265 0.000000
6345 1.599903 -114.685951 11.144065 0.000000
6354 4.138015 -115.551888 6.398369 0.000000
6355 1.213176 -115.378922 10.713277 0.000000
6356 1.090327 -115.011421 11.379827 0.000000
6357 0.973461 -114.676270 11.991709 0.000000
6368 4.385140 -116.013519 5.372791 0.000000
6369 0.575844 -115.293137 11.674106 0.000000
6370 0.532112 -114.919350 12.231795 0.000000
6371 0.179075 -114.661674 13.027791 0.000000
6384 4.730000 -116.475739 4.165656 0.000000
6385 5.721626 -115.546326 4.037750 0.000000
6386 6.457348 -114.867126 3.932034 0.000000
6404 5.460856 -116.406235 3.101428 0.000000
6405 6.294796 -115.531746 3.119338 0.000000
6406 7.101024 -114.629395 3.236871 0.000000
6407 7.795949 -114.035645 3.018870 0.000000
6420 6.107721 -116.292000 2.177343 0.000000
6421 6.892022 -115.427429 2.243639 0.000000
6422 7.632334 -114.611183 2.303275 0.000000
6423 8.392445 -113.773758 2.350456 0.000000
6424 8.984653 -113.157402 2.315001 0.000000
6429 6.711128 -116.208115 1.211246 0.000000
6430 7.472569 -115.268402 1.430194 0.000000
6431 8.111702 -114.512268 1.552063 0.000000
6432 8.592220 -114.003815 1.525091 0.000000
6433 8.958039 -113.499100 1.721321 0.000000
6440 6.526651 -117.270699 -0.372696 0.000000
6441 6.773214 -116.710152 0.173253 0.000000
6442 7.426380 -115.809639 0.521263 0.000000
6443 8.030810 -115.018723 0.768710 0.000000
6444 8.524031 -114.380997 0.954613 0.000000
6445 8.957692 -113.845863 1.061717 0.000000
6459 6.324929 -117.828140 -1.042565 0.000000
6460 6.660166 -117.405342 -0.930311 0.000000
6461 7.019257 -116.863968 -0.645245 0.000000
6462 7.459426 -116.208191 -0.314469 0.000000
6463 8.080395 -115.421043 -0.120253 0.000000
6464 8.541419 -114.702156 0.297002 0.000000
6465 8.888158 -114.190758 0.545403 0.000000
6474 6.192902 -118.149704 -1.425116 0.000000
6475 6.651185 -117.694252 -1.529429 0.000000
6476 7.146574 -117.078857 -1.389670 0.000000
6477 7.516932 -116.491913 -1.020541 0.000000
6478 7.909820 -115.934814 -0.775655 0.000000
6487 6.120369 -118.725227 -2.522191 0.000000
6488 6.393470 -118.271568 -2.195176 0.000000
6489 7.157836 -117.414108 -2.182967 0.000000
6490 7.418198 -116.974915 -1.831010 0.000000
6505 6.313691 -118.681107 -2.974437 0.000000
6506 7.007781 -117.929840 -3.058738 0.000000
6507 7.338315 -117.435265 -2.723838 0.000000
6906 3.821637 -110.695602 13.746420 0.000000
6907 3.611358 -110.804192 13.867364 0.000000
6912 4.529158 -112.356155 10.446739 0.000000
6913 4.428501 -112.112602 10.934477 0.000000
6914 4.160825 -111.917229 11.572122 0.000000
6915 3.983535 -111.482285 12.422421 0.000000
6916 3.740047 -111.056747 13.344670 0.000000
6917 3.329139 -111.066109 13.866849 0.000000
6923 4.661623 -113.220695 8.991626 0.000000
6924 4.711445 -112.962456 9.302161 0.000000
6925 4.685226 -112.615921 9.851176 0.000000
6926 3.384373 -112.616829 11.625405 0.000000
6927 3.517958 -112.240311 11.976086 0.000000
6928 3.381067 -111.754921 12.836658 0.000000
6929 3.201193 -111.460495 13.483793 0.000000
6930 3.030477 -111.322342 13.896926 0.000000
6935 4.730980 -113.652168 8.275780 0.000000
6936 4.773351 -113.366600 8.629493 0.000000
6937 2.750113 -113.468613 11.282546 0.000000
6938 2.986698 -112.894455 11.767040 0.000000
6939 2.943755 -112.357361 12.569601 0.000000
6940 2.885112 -111.933716 13.235284 0.000000
6941 2.828154 -111.627769 13.733501 0.000000
6942 2.795636 -111.402824 14.086001 0.000000
6949 4.745129 -113.856071 7.964282 0.000000
6950 2.281424 -114.092476 11.046097 0.000000
6951 2.308590 -113.526764 11.792353 0.000000
6952 2.405256 -112.921021 12.497775 0.000000
6953 2.471410 -112.402229 13.123618 0.000000
6954 2.470507 -112.000999 13.676682 0.000000
6955 2.568982 -111.649460 14.035690 0.000000
6962 4.629263 -114.241753 7.576407 0.000000
6963 1.838180 -114.501839 11.077114 0.000000
6964 1.645503 -114.264297 11.662503 0.000000
6965 1.773954 -113.510704 12.520643 0.000000
6966 1.936310 -112.830704 13.232871 0.000000
6967 2.173811 -112.372253 13.549338 0.000000
6973 4.664224 -114.718712 6.844348 0.000000
6974 1.195623 -114.545616 11.877378 0.000000
6975 1.072176 -114.218353 12.481252 0.000000
6976 1.266618 -113.292549 13.477684 0.000000
6985 4.890839 -115.111320 5.951262 0.000000
6986 5.554688 -114.648598 5.666996 0.000000
6987 0.594452 -114.465446 12.767469 0.000000
6988 0.583268 -114.052025 13.335768 0.000000
7000 5.237253 -115.398125 5.014864 0.000000
7001 6.127071 -114.581795 4.905837 0.000000
7002 7.022034 -114.029938 4.365528 0.000000
7003 7.693885 -113.407700 4.276854 0.000000
7018 7.577856 -113.878105 3.684319 0.000000
7019 8.252040 -113.270706 3.524270 0.000000
7020 8.873899 -112.707909 3.370362 0.000000
7033 8.779368 -113.084534 2.860766 0.000000
7034 9.374707 -112.505569 2.751997 0.000000
7035 9.803795 -112.198853 2.452673 0.000000
7042 9.400700 -112.921776 1.900547 0.000000
7043 9.781313 -112.420776 2.067159 0.000000
7050 9.402477 -113.287468 1.188229 0.000000
7051 9.885938 -112.660873 1.369903 0.000000
7052 10.192525 -112.459618 1.093152 0.000000
7065 8.661313 -114.877014 -0.320014 0.000000
7066 9.038089 -114.309784 -0.022976 0.000000
7067 9.361202 -113.707680 0.455125 0.000000
7068 9.835999 -113.087097 0.631890 0.000000
7069 10.105742 -112.673256 0.859144 0.000000
7081 7.570575 -116.686348 -1.567985 0.000000
7082 7.969894 -116.165543 -1.412008 0.000000
7083 8.501883 -115.375687 -0.994478 0.000000
7084 9.123119 -114.563026 -0.740893 0.000000
7085 9.629055 -113.807129 -0.353254 0.000000
7086 9.754331 -113.417030 0.153767 0.000000
7096 7.493454 -117.190689 -2.546927 0.000000
7097 7.782011 -116.708092 -2.170610 0.000000
7098 8.514304 -115.781456 -1.924571 0.000000
7099 9.223693 -114.869209 -1.646583 0.000000
7100 9.659165 -114.123024 -1.089038 0.000000
7101 9.889768 -113.737152 -0.821550 0.000000
7115 7.680241 -117.190208 -3.100271 0.000000
7116 8.422602 -116.236404 -2.779598 0.000000
7117 9.160811 -115.315384 -2.531362 0.000000
7118 9.430308 -114.859505 -2.142044 0.000000
7565 4.167016 -110.413376 13.688368 0.000000
7566 3.766544 -110.499092 14.093889 0.000000
7571 4.919208 -112.162888 10.193473 0.000000
7572 4.860143 -111.904060 10.648365 0.000000
7573 4.741392 -111.613159 11.223629 0.000000
7574 4.676705 -111.153992 11.959556 0.000000
7575 4.413185 -110.766968 12.859771 0.000000
7576 3.396764 -110.694832 14.296523 0.000000
7583 4.975915 -112.972542 8.925052 0.000000
7584 5.086650 -112.592331 9.332892 0.000000
7585 5.183808 -112.195442 9.782642 0.000000
7586 5.322758 -111.742279 10.248433 0.000000
7587 5.204682 -111.430771 10.855725 0.000000
7588 5.107585 -111.149956 11.385077 0.000000
7589 2.987223 -111.053589 14.322755 0.000000
7596 4.982634 -113.400909 8.294477 0.000000
7597 5.162425 -113.091675 8.499504 0.000000
7598 5.434944 -112.618301 8.816707 0.000000
7599 5.503291 -112.200951 9.334081 0.000000
7600 5.561948 -111.863724 9.744090 0.000000
7601 2.551603 -111.362694 14.451709 0.000000
7610 4.957079 -113.593071 8.052289 0.000000
7611 5.267404 -113.314857 8.032075 0.000000
7612 5.511009 -112.890205 8.315831 0.000000
7613 2.163599 -112.171165 13.836882 0.000000
7614 2.185173 -111.856506 14.241220 0.000000
7624 5.038302 -113.753716 7.710777 0.000000
7625 5.464600 -113.492363 7.501403 0.000000
7626 1.632995 -112.854279 13.595138 0.000000
7627 1.816205 -112.458946 13.893905 0.000000
7638 5.145855 -114.034363 7.156428 0.000000
7639 5.708937 -113.670563 6.896331 0.000000
7640 1.503661 -112.831642 13.793818 0.000000
7653 5.354914 -114.332756 6.424717 0.000000
7654 6.153064 -113.811874 6.045233 0.000000
7655 6.847120 -113.261024 5.858905 0.000000
7670 6.721941 -113.753540 5.283408 0.000000
7671 7.445995 -113.068779 5.236533 0.000000
7672 8.149080 -112.773010 4.568470 0.000000
7687 8.719576 -112.482361 4.067246 0.000000
7688 9.222736 -112.188438 3.653113 0.000000
7702 9.613111 -111.944656 3.335531 0.000000
7703 9.879071 -111.922607 2.827429 0.000000
7709 10.163671 -111.948486 2.170066 0.000000
7717 10.039017 -112.292831 1.765705 0.000000
7718 10.311663 -112.143013 1.458778 0.000000
7730 10.146564 -112.796463 0.516189 0.000000
7731 10.458117 -112.358521 0.685472 0.000000
7745 9.993704 -113.524666 -0.625435 0.000000
7746 10.177991 -113.062485 -0.110377 0.000000
7747 10.766289 -112.370728 -0.079683 0.000000
7757 9.558191 -114.648491 -1.985752 0.000000
7758 9.800947 -114.261078 -1.747869 0.000000
7759 10.257125 -113.486855 -1.205408 0.000000
7760 10.729286 -112.703125 -0.702518 0.000000
7772 9.756063 -114.590378 -2.399844 0.000000
7773 10.316811 -113.829811 -2.146867 0.000000
7774 10.503992 -113.455215 -1.774831 0.000000
8207 4.483718 -109.846565 14.067778 0.000000
8208 4.005132 -110.040993 14.427102 0.000000
8217 4.970654 -110.515839 12.464905 0.000000
8218 4.931582 -109.966377 13.292542 0.000000
8219 3.596530 -110.329514 14.551649 0.000000
8230 5.624241 -111.242958 10.547268 0.000000
8231 5.557983 -110.921700 11.092703 0.000000
8232 5.349864 -110.617943 11.804749 0.000000
8233 5.474093 -110.058434 12.421348 0.000000
8244 5.828366 -112.153366 8.950515 0.000000
8245 5.897375 -111.788864 9.384953 0.000000
8246 5.882353 -111.392616 9.975664 0.000000
8247 6.138657 -110.718636 10.574072 0.000000
8248 5.909739 -110.352829 11.406837 0.000000
8249 5.742588 -110.147751 11.926365 0.000000
8259 5.724791 -112.994308 7.867354 0.000000
8260 5.941167 -112.439804 8.373378 0.000000
8261 6.341365 -111.723961 8.850719 0.000000
8262 6.240518 -111.400078 9.462770 0.000000
8263 6.364841 -110.985062 9.879695 0.000000
8273 5.882173 -113.191391 7.358275 0.000000
8274 6.257167 -112.642075 7.632341 0.000000
8275 6.458451 -112.063843 8.190636 0.000000
8284 6.238636 -113.158577 6.899590 0.000000
8285 6.762558 -112.556290 7.037224 0.000000
8293 6.652261 -113.075691 6.428084 0.000000
8294 7.248976 -112.582466 6.291271 0.000000
8306 7.751519 -112.392982 5.835813 0.000000
8307 8.105806 -112.320000 5.391256 0.000000
8318 8.651727 -112.064003 4.904272 0.000000
8319 9.141296 -111.871544 4.381589 0.000000
8331 9.587840 -111.606262 4.016422 0.000000
8376 10.607855 -113.266281 -1.622910 0.000000
8377 10.836585 -112.885796 -1.385785 0.000000
8393 10.809069 -113.228134 -2.114127 0.000000
8857 6.473597 -110.389984 10.569790 0.000000
8858 6.426692 -110.142166 10.981812 0.000000
8871 6.671384 -111.418068 8.824813 0.000000
8872 6.697387 -111.107346 9.232551 0.000000
8873 6.846094 -110.299362 10.167539 0.000000
8884 6.769979 -112.093231 7.703762 0.000000
8885 6.963645 -111.423691 8.396342 0.000000
8886 7.427858 -110.497536 9.058125 0.000000
8897 7.394077 -111.781052 7.260645 0.000000
8898 7.922589 -110.705429 8.049495 0.000000
8909 7.871233 -111.924179 6.360537 0.000000
8910 8.200175 -111.174965 6.968793 0.000000
8920 8.071083 -112.049835 5.877324 0.000000
8921 8.542729 -111.546394 5.902703 0.000000
8932 9.224542 -111.365288 5.099189 0.000000
8933 9.413207 -111.500847 4.543651 0.000000
